5016.5364	 0.9731
5036.26	 0.9731
5055.9836	 0.9731
5075.5686	 0.9719
5095.2922	 0.9719
5115.0158	 0.9719
5134.6008	 0.9707
5154.3244	 0.9707
5174.048	 0.9707
5193.7715	 0.9707
5213.4952	 0.9707
5233.2187	 0.9707
5252.9424	 0.9707
5272.5274	 0.9695
5292.251	 0.9695
5311.9746	 0.9695
5331.6982	 0.9695
5351.4218	 0.9695
5371.1454	 0.9695
5390.8689	 0.9695
5410.454	 0.9683
5430.1776	 0.9683
5449.9012	 0.9683
5469.6247	 0.9683
5489.3483	 0.9683
5508.9334	 0.9672
5528.6569	 0.9672
5548.3805	 0.967
5567.9656	 0.966
5587.6892	 0.966
5607.4127	 0.966
5626.9978	 0.9647
5646.7214	 0.9647
5666.4449	 0.9647
5686.1685	 0.9647
5705.7536	 0.9636
5725.4772	 0.9636
5745.2006	 0.9636
5764.7858	 0.9624
5784.5093	 0.9624
5804.233	 0.9624
5823.818	 0.9613
5843.5415	 0.9613
5863.2652	 0.9613
5882.8502	 0.9601
5902.5737	 0.9601
5922.2974	 0.9601
5941.8824	 0.9588
5961.6059	 0.9588
5981.3296	 0.9588
6001.0532	 0.9588
6020.6381	 0.9577
6040.3618	 0.9577
6060.0854	 0.9577
6079.6703	 0.9565
6099.394	 0.9565
6119.1176	 0.9565
6138.7026	 0.9554
6158.4262	 0.9554
6178.1498	 0.9554
6197.7348	 0.9542
6217.4584	 0.9542
6237.182	 0.9542
6256.767	 0.9529
6276.4906	 0.9529
6296.2142	 0.9529
6315.9378	 0.9529
6335.5228	 0.9518
6355.2464	 0.9518
6374.97	 0.9518
6394.555	 0.9506
6414.2786	 0.9506
6434.0022	 0.9506
6453.5872	 0.9495
6473.3108	 0.9495
6493.0344	 0.9495
6512.6194	 0.9483
6532.343	 0.9483
6552.0666	 0.9483
6571.6516	 0.9471
6591.3752	 0.9471
6611.0988	 0.9471
6630.8224	 0.9471
6650.4074	 0.9459
6670.131	 0.9459
6689.8546	 0.9459
6709.4396	 0.9447
6729.1632	 0.9447
6748.8868	 0.9447
6768.4718	 0.9436
6788.1954	 0.9436
6807.919	 0.9436
6827.504	 0.9424
6847.2276	 0.9424
6866.9512	 0.9424
6886.5362	 0.9412
6906.2598	 0.9412
6925.9834	 0.9412
6945.7069	 0.9412
6965.292	 0.9401
6985.0156	 0.94
7004.7391	 0.94
7024.3242	 0.9388
7044.0478	 0.9388
7063.7713	 0.9388
7083.3564	 0.9377
7103.08	 0.9377
7122.8035	 0.9377
7142.3886	 0.9365
7162.1122	 0.9365
7181.8357	 0.9365
7201.4208	 0.9353
7221.1444	 0.9353
7240.8679	 0.9353
7260.5916	 0.9353
7280.1766	 0.9342
7299.9002	 0.9342
7319.6238	 0.9342
7339.2088	 0.933
7358.9324	 0.933
7378.656	 0.933
7398.241	 0.9318
7417.826	 0.9306
7437.5497	 0.9306
7457.1347	 0.9295
7476.8582	 0.9295
7496.4433	 0.9283
7516.1669	 0.9283
7535.7519	 0.9271
7555.4755	 0.9271
7575.0605	 0.9259
7594.7841	 0.9259
7614.3691	 0.9247
7634.0927	 0.9247
7653.6777	 0.9236
7673.4013	 0.9236
7693.1249	 0.9236
7712.8485	 0.9236
7712.7099	 0.9224
7732.295	 0.9212
7752.0186	 0.9212
7771.6036	 0.9201
7791.3272	 0.92
7810.9122	 0.9189
7830.6358	 0.9189
7850.2208	 0.9177
7869.9444	 0.9177
7889.668	 0.9177
7909.3916	 0.9177
7909.253	 0.9165
7928.838	 0.9153
7948.5615	 0.9153
7968.1466	 0.9142
7987.8702	 0.9142
8007.4552	 0.913
8027.1788	 0.913
8046.7639	 0.9118
8066.4874	 0.9118
8086.0725	 0.9106
8105.7961	 0.9106
8125.3811	 0.9095
8145.1047	 0.9095
8164.6897	 0.9083
8184.4133	 0.9083
8204.1369	 0.9083
8223.7219	 0.9071
8243.4455	 0.9071
8263.0305	 0.9059
8282.7541	 0.9059
8302.3391	 0.9048
8322.0627	 0.9048
8341.6477	 0.9036
8361.3713	 0.9036
8380.9563	 0.9024
8400.6799	 0.9024
8420.4035	 0.9024
8439.9885	 0.9012
8459.5735	 0.9001
8479.2972	 0.9001
8498.8822	 0.8989
8518.4672	 0.8977
8538.0522	 0.8965
8557.7758	 0.8965
8577.3608	 0.8954
8596.9458	 0.8942
8616.6694	 0.8942
8636.2545	 0.893
8655.8395	 0.8918
8675.4245	 0.8907
8695.1481	 0.8907
8714.733	 0.8895
8734.3181	 0.8883
8754.0417	 0.8883
8773.6267	 0.8871
8793.2118	 0.886
8812.7968	 0.8848
8832.5204	 0.8848
8852.1054	 0.8836
8871.6904	 0.8824
8891.2753	 0.8813
8910.999	 0.8813
8930.584	 0.8801
8950.1691	 0.8789
8969.8927	 0.8789
8989.4777	 0.8778
9009.0627	 0.8766
9028.7863	 0.8766
9048.3713	 0.8754
9067.9563	 0.8742
9087.6799	 0.8742
9107.2649	 0.8731
9362.4245	 0.8625
9382.0095	 0.8613
9401.5945	 0.8601
9421.1795	 0.859
9440.7646	 0.8578
9460.4881	 0.8578
9480.0732	 0.8566
9499.6582	 0.8554
9519.2432	 0.8542
9538.9668	 0.8542
9558.5518	 0.8531
9578.1368	 0.8519
9597.8604	 0.8519
9617.4454	 0.8507
9637.0305	 0.8496
9656.6155	 0.8484
9676.3391	 0.8484
9695.9241	 0.8472
9715.5091	 0.846
9735.0941	 0.8449
9754.8176	 0.8449
9774.4027	 0.8437
9793.9878	 0.8425
9813.7114	 0.8425
9833.2964	 0.8414
9852.8814	 0.8401
9872.4664	 0.839
9892.19	 0.839
9911.775	 0.8378
9931.3601	 0.8367
9950.9451	 0.8355
9970.6686	 0.8355
9990.2537	 0.8343
10009.8387	 0.8331
10029.5623	 0.8331
10049.1473	 0.8319
10068.7323	 0.8308
10088.3174	 0.8296
10108.0409	 0.8296
10127.626	 0.8284
10147.211	 0.8273
10166.9346	 0.8273
10186.5196	 0.826
10206.1046	 0.8249
10225.6896	 0.8237
10245.4132	 0.8237
10264.9982	 0.8226
10284.5833	 0.8214
10304.1683	 0.8202
10323.8919	 0.8202
10343.4769	 0.819
10363.0619	 0.8178
10382.7854	 0.8178
10402.3705	 0.8167
10421.9555	 0.8155
10441.5406	 0.8144
10461.2642	 0.8143
10480.8492	 0.8132
10500.4342	 0.812
10520.0192	 0.8108
10539.7428	 0.8108
10559.4664	 0.8108
10579.19	 0.8108
10579.0514	 0.8096
10578.9127	 0.8085
10598.4979	 0.8073
10618.2215	 0.8073
10637.8065	 0.8061
10657.3915	 0.805
10676.9765	 0.8037
10696.7001	 0.8037
10716.2851	 0.8026
10735.87	 0.8014
10755.4552	 0.8003
10775.1788	 0.8003
10794.7638	 0.7991
10814.3488	 0.7979
10833.9338	 0.7967
10853.6574	 0.7967
10873.2424	 0.7955
10892.8274	 0.7944
10912.4125	 0.7932
10932.136	 0.7932
10951.721	 0.792
10971.3061	 0.7909
10990.8911	 0.7896
11010.4761	 0.7885
11030.1997	 0.7885
11049.7847	 0.7873
11069.3698	 0.7862
11088.9548	 0.785
11108.6784	 0.785
11128.2634	 0.7838
11147.8484	 0.7827
11167.4334	 0.7814
11187.157	 0.7814
11206.7421	 0.7803
11226.3271	 0.7791
11245.9121	 0.778
11265.6357	 0.778
11285.2207	 0.7768
11304.8056	 0.7755
11324.3907	 0.7744
11344.1143	 0.7744
11363.6994	 0.7732
11383.2844	 0.7721
11402.8694	 0.7709
11422.4544	 0.7697
11442.178	 0.7697
11461.763	 0.7686
11481.3479	 0.7673
11500.9331	 0.7662
11520.6566	 0.7662
11540.2417	 0.765
11559.8267	 0.7639
11579.4117	 0.7627
11599.1353	 0.7627
11618.7203	 0.7614
11638.3053	 0.7603
11657.8904	 0.7591
11677.6139	 0.7591
11697.199	 0.758
11716.784	 0.7568
11736.369	 0.7557
11756.0926	 0.7556
11775.6776	 0.7545
11795.2626	 0.7532
11814.8477	 0.7521
11834.4327	 0.751
11854.1562	 0.751
11873.7412	 0.7498
11893.3263	 0.7486
11912.9113	 0.7473
11932.6349	 0.7473
11952.2199	 0.7463
11971.805	 0.745
11991.39	 0.7439
12011.1136	 0.7439
12030.6985	 0.7427
12050.2836	 0.7416
12069.8686	 0.7404
12089.5922	 0.7404
12109.1772	 0.7391
12128.7623	 0.738
12148.3473	 0.7368
12168.0709	 0.7368
12187.6559	 0.7357
12207.2409	 0.7345
12226.8258	 0.7332
12246.5495	 0.7332
12266.1345	 0.7322
12285.7196	 0.7309
12305.3046	 0.7298
12324.8896	 0.7287
12344.6132	 0.7286
12364.1982	 0.7275
12383.7832	 0.7263
12403.3683	 0.725
12423.0918	 0.725
12442.6768	 0.724
12462.2619	 0.7227
12481.8469	 0.7216
12501.5705	 0.7216
12521.1555	 0.7204
12540.7405	 0.7193
12560.3256	 0.7181
12580.0491	 0.7181
12599.6341	 0.7168
12619.2192	 0.7157
12638.8042	 0.7146
12658.5278	 0.7146
12678.1128	 0.7134
12697.6978	 0.7122
12717.2829	 0.7109
12736.8679	 0.7099
12756.5915	 0.7099
12776.1764	 0.7086
12795.7614	 0.7075
12815.3465	 0.7063
12835.0701	 0.7063
12854.6551	 0.7052
12874.2402	 0.704
12893.8252	 0.7027
12913.5488	 0.7027
12933.1338	 0.7016
12952.7187	 0.7005
12972.3038	 0.6993
12992.0274	 0.6993
13011.6124	 0.6981
13031.1975	 0.697
13050.7825	 0.6958
13070.5061	 0.6958
13090.0911	 0.6945
